G (260, 555), (307, 222), (403, 336)
G# (260, 450), (307, 165), (403, 279)
Ab (260, 450), (307, 165), (403, 279)
A (260, 393), [(307, 108), (354, 555)], (403, 222)
A# (260, 336), (354, 450), (403, 165)
Bb (260, 336), (354, 450), (403, 165)
B (260, 279), (354, 393), (403, 108)
C (260, 222), (354, 336)
C# (260, 165), (354, 279)
Db (260, 165), (354, 279)
D [(260, 108), (307 555)], (354, 222)
D# (307, 450), (354, 165)
Eb (307, 450), (354, 165)
E (307, 393), [(354, 108), (403, 555)]
F (307, 336), (403, 450)
F# (307, 279), (403, 393)
Gb (307, 279), (403, 393)

